#element
#charge
#mass
#mass_iso
#number of frozen core

H
1
1.008D+00  
1.0D+00
0

He 
2
4.003D+00
4.0D+00
0

Li 
3
6.941D+00
7.0D+00
0

Be
4
9.012D+00
9.0D+00
0

B 
5
10.811D+00
11.0D+00
2

C 
6
12.011D+00
12.0D+00
2

N 
7
14.007D+00
14.0D+00
2

O 
8
15.999D+00
16.0D+00
2

F 
9
18.998D+00
19.0D+00
2

Ne 
10
20.180D+00
20.0D+00

Na 
11
22.989769D+00
23.0D+00
2

Mg 
12
24.305D+00
24.0D+00
2

Al 
13
26.981D+00
27.0D+00
10

Si 
14
28.0855D+00
28.0D+00
10

P 
15
30.973762D+00
31.0D+00
10

S 
16
32.065D+00
32.0D+00
10

Cl 
17
35.453D+00 
35.0D+00
10

Ar
18
39.948D+00
40.0D+00
10